[{"R":[[1,0,0],[0,1,0],[0,0,1]],"t":[0,0,0]},{"R":[[0.01621226152722649,0.9716044372951644,-0.2360550359651744],[-0.9456777795620879,0.09156758600308995,0.3119437680673969],[0.32470093904805997,0.21817468831629783,0.9203092445256619]],"t":[0.6041413042192713,-0.8965999072179343,-0.09037378131360187]},{"R":[[-0.9308865265716781,0.26508389652609066,-0.2513579170224419],[-0.3569916798963795,-0.8060991384317913,0.4719757615643883],[-0.07750622640844299,0.5290885623617924,0.8450195725815198]],"t":[0.26900019082015975,-1.4528412979618381,0.12373653969166509]},{"R":[[-0.2334320644493097,-0.9590402716796628,0.16047189343785934],[0.8916941010075211,-0.1453108230080346,0.42867982801283766],[-0.38780291581591003,0.24315945799685845,0.8890907582869996]],"t":[-0.711401251690589,-1.236607263286308,-0.06250728734892345]}]
[[0.9948540418685592,-0.02410358006532853,-0.09840961744578682,0.12956937016820594],[-0.02052169721586784,0.903219950955305,-0.4286870421877468,1.9295887704103118],[-0.09921842228725493,-0.4285005689895093,-0.8980773725322871,2.0397640767489835],[0,0,0,1]]

[{"R":[[1,0,0],[0,1,0],[0,0,1]],"t":[0,0,0]},{"R":[[-0.022012344199525913,0.9371314127657019,-0.34828174214362917],[-0.9145369987745992,0.12186555784194675,0.3857082624007686],[0.40390287765153476,0.32700688222059016,0.8543588030828608]],"t":[0.5977006593946603,-0.7306501926238333,0.164509412700915]},{"R":[[-0.9698600110113447,0.17563179213505872,-0.1688935541472843],[-0.24352682646610133,-0.6755305840722139,0.6959548223659366],[0.00813903141801886,0.7161088629352945,0.6979411526719823]],"t":[0.08399442242990789,-1.3754047380922563,0.4935237502357606]},{"R":[[-0.17653242822410187,-0.9272724327584076,0.3301547171124567],[0.8447019858467597,0.029468859232596345,0.5344250568995335],[-0.5052869055218456,0.3732256981798459,0.7780666560946585]],"t":[-0.7936309375488024,-1.0515150509949014,0.37366753656710294]}]
[[0.9948540418685592,-0.02410358006532853,-0.09840961744578682,0.12956937016820594],[-0.02052169721586784,0.903219950955305,-0.4286870421877468,1.9295887704103118],[-0.09921842228725493,-0.4285005689895093,-0.8980773725322871,2.0397640767489835],[0,0,0,1]]

Scala:
[{"R":[[1,0,0],[0,1,0],[0,0,1]],"t":[0,0,0]},{"R":[[-0.022012344199525913,0.9371314127657019,-0.34828174214362917],[-0.9145369987745992,0.12186555784194675,0.3857082624007686],[0.40390287765153476,0.32700688222059016,0.8543588030828608]],"t":[0.7004222815164326,-0.8562206965378131,0.19278221692377248]},{"R":[[-0.9698600110113447,0.17563179213505872,-0.1688935541472843],[-0.24352682646610133,-0.6755305840722139,0.6959548223659366],[0.00813903141801886,0.7161088629352945,0.6979411526719823]],"t":[0.09842981443686974,-1.6117836069292044,0.5783413916136054]},{"R":[[-0.17653242822410187,-0.9272724327584076,0.3301547171124567],[0.8447019858467597,0.029468859232596345,0.5344250568995335],[-0.5052869055218456,0.3732256981798459,0.7780666560946585]],"t":[-0.9300253951918656,-1.2322298118470112,0.43788653128812893]}]
[[0.9948540418685592,-0.02410358006532853,-0.09840961744578682,0.12956937016820594],[-0.02052169721586784,0.903219950955305,-0.4286870421877468,1.9295887704103118],[-0.09921842228725493,-0.4285005689895093,-0.8980773725322871,2.0397640767489835],[0,0,0,1]]