#Primer intento

CCW Camera Poses:
[{"R":[[1,0,0],[0,1,0],[0,0,1]],"t":[0,0,0]},{"R":[[-0.16346976675864877,-0.42175206694110606,0.8918535919010351],[0.4083755578879685,0.7939982753879756,0.4503289268974524],[-0.898057369590364,0.4378263727915729,0.04243852274303628]],"t":[-0.7875439763738321,-0.316586073838684,0.7553322498469275]},{"R":[[-0.995468747679551,-0.08771685482663796,0.036711384782236865],[-0.0226908879439435,0.5940481837660478,0.8041093700290873],[-0.09234227632900507,0.7996327336618874,-0.5933467748785657]],"t":[0.021646304837211538,-0.5997603882459163,1.2514103466782338]},{"R":[[0.01901733753075885,0.44381921278087044,-0.8959145312136698],[-0.6118588305706265,0.7138563836676237,0.34064326640890435],[0.7907383336641689,0.5416950893847486,0.2851303523135734]],"t":[0.632858823119558,-0.24297096176389296,0.5536952534560295]}]

[[0.9941338485260931,0.0986512964608827,-0.04433748889242502,0.9938296704767513],[-0.0986512964608827,0.659022672138982,-0.7456252673517598,2.593331619023365],[0.04433748889242498,-0.7456252673517594,-0.6648888236128887,2.9576262456228286],[0,0,0,1]]

Scale:
[{"R":[[1,0,0],[0,1,0],[0,0,1]],"t":[0,0,0]},{"R":[[-0.16346976675864877,-0.42175206694110606,0.8918535919010351],[0.4083755578879685,0.7939982753879756,0.4503289268974524],[-0.898057369590364,0.4378263727915729,0.04243852274303628]],"t":[-1.934442819517861,-0.7776297904231453,1.8553212149426448]},{"R":[[-0.995468747679551,-0.08771685482663796,0.036711384782236865],[-0.0226908879439435,0.5940481837660478,0.8041093700290873],[-0.09234227632900507,0.7996327336618874,-0.5933467748785657]],"t":[0.05316977872682252,-1.4731903376565618,3.0738369310477305]},{"R":[[0.01901733753075885,0.44381921278087044,-0.8959145312136698],[-0.6118588305706265,0.7138563836676237,0.34064326640890435],[0.7907383336641689,0.5416950893847486,0.2851303523135734]],"t":[1.5544899623116852,-0.5968091261387606,1.3600406318652503]}]

[[0.9941338485260931,0.0986512964608827,-0.04433748889242502,0.9938296704767513],[-0.0986512964608827,0.659022672138982,-0.7456252673517598,2.593331619023365],[0.04433748889242498,-0.7456252673517594,-0.6648888236128887,2.9576262456228286],[0,0,0,1]]

Rotada a mano:
[[0.9948540418685592,-0.02410358006532853,-0.09840961744578682,0.9938296704767513],[-0.02052169721586784,0.903219950955305,-0.4286870421877468,2.593331619023365],[-0.09921842228725493,-0.4285005689895093,-0.8980773725322871,2.9576262456228286],[0,0,0,1]]

Origin:
[[0.9948540418685592,-0.02410358006532853,-0.09840961744578682,0.1509028388496545],[-0.02052169721586784,0.903219950955305,-0.4286870421877468,1.5167138793041937],[-0.09921842228725493,-0.4285005689895093,-0.8980773725322871,1.654975669493927],[0,0,0,1]]

Segundo intento:
[{"R":[[1,0,0],[0,1,0],[0,0,1]],"t":[0,0,0]},{"R":[[0.03611353331465672,-0.639678350009363,0.7677938663735405],[0.5537642110129815,0.6523633938204424,0.5174622701262813],[-0.8318900235684411,0.40648937370166677,0.37779012395101774]],"t":[-0.8835017148320913,-0.3442696904304445,0.5761342675698297]},{"R":[[-0.9613312200625865,-0.10279785950140212,0.25548950157474043],[0.13980520660583862,0.6171215863385584,0.774348404712556],[-0.23726944501742758,0.7801240592091181,-0.5788865715355735]],"t":[-0.13248152596106796,-0.6135103035444458,1.3022896941119173]},{"R":[[-0.27445339264104157,0.42149923848741105,-0.8642995587308574],[-0.509996911185568,0.6981846658191313,0.502435391862683],[0.8152168336393711,0.5786852031714312,0.023344159471636206]],"t":[0.7561432889564832,-0.2980469469927961,0.8309944166548788]}]
[[0.9948540418685592,-0.02410358006532853,-0.09840961744578682,0.12956937016820594],[-0.02052169721586784,0.903219950955305,-0.4286870421877468,1.9295887704103118],[-0.09921842228725493,-0.4285005689895093,-0.8980773725322871,2.0397640767489835],[0,0,0,1]]

Scaled:
[{"R":[[1,0,0],[0,1,0],[0,0,1]],"t":[0,0,0]},{"R":[[0.03611353331465672,-0.639678350009363,0.7677938663735405],[0.5537642110129815,0.6523633938204424,0.5174622701262813],[-0.8318900235684411,0.40648937370166677,0.37779012395101774]],"t":[-2.632896260617572,-1.0259475056599656,1.7169199937393829]},{"R":[[-0.9613312200625865,-0.10279785950140212,0.25548950157474043],[0.13980520660583862,0.6171215863385584,0.774348404712556],[-0.23726944501742758,0.7801240592091181,-0.5788865715355735]],"t":[-0.3948041168998712,-1.8283031678772814,3.8809134247347874]},{"R":[[-0.27445339264104157,0.42149923848741105,-0.8642995587308574],[-0.509996911185568,0.6981846658191313,0.502435391862683],[0.8152168336393711,0.5786852031714312,0.023344159471636206]],"t":[2.2533593365610565,-0.888200530968922,2.4764208778253742]}][[0.9948540418685592,-0.02410358006532853,-0.09840961744578682,0.1509028388496545],[-0.02052169721586784,0.903219950955305,-0.4286870421877468,1.5167138793041937],[-0.09921842228725493,-0.4285005689895093,-0.8980773725322871,1.654975669493927],[0,0,0,1]]
[[0.9948540418685592,-0.02410358006532853,-0.09840961744578682,0.12956937016820594],[-0.02052169721586784,0.903219950955305,-0.4286870421877468,1.9295887704103118],[-0.09921842228725493,-0.4285005689895093,-0.8980773725322871,2.0397640767489835],[0,0,0,1]]

New Origin:
[{"R":[[1,0,0],[0,1,0],[0,0,1]],"t":[0,0,0]},{"R":[[0.03611353331465672,-0.639678350009363,0.7677938663735405],[0.5537642110129815,0.6523633938204424,0.5174622701262813],[-0.8318900235684411,0.40648937370166677,0.37779012395101774]],"t":[-2.632896260617572,-1.0259475056599656,1.7169199937393829]},{"R":[[-0.9613312200625865,-0.10279785950140212,0.25548950157474043],[0.13980520660583862,0.6171215863385584,0.774348404712556],[-0.23726944501742758,0.7801240592091181,-0.5788865715355735]],"t":[-0.3948041168998712,-1.8283031678772814,3.8809134247347874]},{"R":[[-0.27445339264104157,0.42149923848741105,-0.8642995587308574],[-0.509996911185568,0.6981846658191313,0.502435391862683],[0.8152168336393711,0.5786852031714312,0.023344159471636206]],"t":[2.2533593365610565,-0.888200530968922,2.4764208778253742]}]
[[0.9948540418685592,-0.02410358006532853,-0.09840961744578682,0.41235659278145176],[-0.02052169721586784,0.903219950955305,-0.4286870421877468,2.462590044040843],[-0.09921842228725493,-0.4285005689895093,-0.8980773725322871,2.6831489074659145],[0,0,0,1]]